2.452826503521000035e+06 1.000000000000000000e+00
2.452826504215444438e+06 1.000000000000000000e+00
2.452826504909888841e+06 1.000000000000000000e+00
2.452826505604333244e+06 1.000000000000000000e+00
2.452826506298777647e+06 1.000000000000000000e+00
2.452826506993222050e+06 1.000000000000000000e+00
2.452826507687666453e+06 1.000000000000000000e+00
2.452826508382110856e+06 1.000000000000000000e+00
2.452826509076555260e+06 1.000000000000000000e+00
2.452826509770999663e+06 1.000000000000000000e+00
2.452826510465444066e+06 1.000000000000000000e+00
2.452826511159888469e+06 1.000000000000000000e+00
2.452826511854332872e+06 1.000000000000000000e+00
2.452826512548777275e+06 1.000000000000000000e+00
2.452826513243221678e+06 1.000000000000000000e+00
2.452826513937666081e+06 1.000000000000000000e+00
2.452826514632110484e+06 1.000000000000000000e+00
2.452826515326554887e+06 1.000000000000000000e+00
2.452826516020999290e+06 1.000000000000000000e+00
2.452826516715443693e+06 1.000000000000000000e+00
2.452826517409888096e+06 1.000000000000000000e+00
2.452826518104332499e+06 1.000000000000000000e+00
2.452826518798776902e+06 1.000000000000000000e+00
2.452826519493221305e+06 1.000000000000000000e+00
2.452826520187665708e+06 1.000000000000000000e+00
2.452826520882110111e+06 1.000000000000000000e+00
2.452826521576554514e+06 1.000000000000000000e+00
2.452826522270998918e+06 1.000000000000000000e+00
2.452826522965443321e+06 1.000000000000000000e+00
2.452826523659887724e+06 1.000000000000000000e+00
2.452826524354332127e+06 1.000000000000000000e+00
2.452826525048776530e+06 1.000000000000000000e+00
2.452826525743220933e+06 1.000000000000000000e+00
2.452826526437665336e+06 1.000000000000000000e+00
2.452826527132109739e+06 1.000000000000000000e+00
2.452826527826554142e+06 1.000000000000000000e+00
2.452826528520998545e+06 1.000000000000000000e+00
2.452826529215442948e+06 1.000000000000000000e+00
2.452826529909887351e+06 1.000000000000000000e+00
2.452826530604331754e+06 1.000000000000000000e+00
2.452826531298776157e+06 1.000000000000000000e+00
2.452826531993220560e+06 1.000000000000000000e+00
2.452826532687664963e+06 1.000000000000000000e+00
2.452826533382109366e+06 1.000000000000000000e+00
2.452826534076553769e+06 1.000000000000000000e+00
2.452826534770998172e+06 1.000000000000000000e+00
2.452826535465442576e+06 1.000000000000000000e+00
2.452826536159886979e+06 1.000000000000000000e+00
2.452826536854331382e+06 1.000000000000000000e+00
2.452826537548775785e+06 1.000000000000000000e+00
2.452826538243220188e+06 1.000000000000000000e+00
2.452826538937664591e+06 1.000000000000000000e+00
2.452826539632108994e+06 1.000000000000000000e+00
2.452826540326553397e+06 1.000000000000000000e+00
2.452826541020997800e+06 1.000000000000000000e+00
2.452826541715442203e+06 1.000000000000000000e+00
2.452826542409886606e+06 1.000000000000000000e+00
2.452826543104331009e+06 1.000000000000000000e+00
2.452826543798775412e+06 1.000000000000000000e+00
2.452826544493219815e+06 1.000000000000000000e+00
2.452826545187664218e+06 1.000000000000000000e+00
2.452826545882108621e+06 1.000000000000000000e+00
2.452826546576553024e+06 1.000000000000000000e+00
2.452826547270997427e+06 1.000000000000000000e+00
2.452826547965441830e+06 1.000000000000000000e+00
2.452826548659886234e+06 1.000000000000000000e+00
2.452826549354330637e+06 1.000000000000000000e+00
2.452826550048775040e+06 1.000000000000000000e+00
2.452826550743219443e+06 1.000000000000000000e+00
2.452826551437663846e+06 1.000000000000000000e+00
2.452826552132108249e+06 1.000000000000000000e+00
2.452826552826552652e+06 1.000000000000000000e+00
2.452826553520997055e+06 1.000000000000000000e+00
2.452826554215441458e+06 1.000000000000000000e+00
2.452826554909885861e+06 1.000000000000000000e+00
2.452826555604330264e+06 1.000000000000000000e+00
2.452826556298774667e+06 1.000000000000000000e+00
2.452826556993219070e+06 1.000000000000000000e+00
2.452826557687663473e+06 1.000000000000000000e+00
2.452826558382107876e+06 1.000000000000000000e+00
2.452826559076552279e+06 1.000000000000000000e+00
2.452826559770996682e+06 1.000000000000000000e+00
2.452826560465441085e+06 1.000000000000000000e+00
2.452826561159885488e+06 1.000000000000000000e+00
2.452826561854329892e+06 1.000000000000000000e+00
2.452826562548774295e+06 1.000000000000000000e+00
2.452826563243218698e+06 1.000000000000000000e+00
2.452826563937663101e+06 1.000000000000000000e+00
2.452826564632107504e+06 1.000000000000000000e+00
2.452826565326551907e+06 1.000000000000000000e+00
2.452826566020996310e+06 9.999713090360869971e-01
2.452826566715440713e+06 9.998347381048607874e-01
2.452826567409885116e+06 9.996234201195978164e-01
2.452826568104329519e+06 9.993518284186532208e-01
2.452826568798773922e+06 9.990285917940819882e-01
2.452826569493218325e+06 9.986600806399512642e-01
2.452826570187662728e+06 9.982514937131270472e-01
2.452826570882107131e+06 9.978073335036798941e-01
2.452826571576551534e+06 9.973316572249472101e-01
2.452826572270995937e+06 9.968282268259133216e-01
2.452826572965440340e+06 9.963006075505780323e-01
2.452826573659884743e+06 9.957522381905088427e-01
2.452826574354329146e+06 9.951865516972223658e-01
2.452826575048773549e+06 9.946067626324840427e-01
2.452826575743217953e+06 9.940162813578586887e-01
2.452826576437662356e+06 9.934185147472098798e-01
2.452826577132106759e+06 9.928169665262384092e-01
2.452826577826551162e+06 9.922152872768540410e-01
2.452826578520995565e+06 9.916173366537931466e-01
2.452826579215439968e+06 9.910272663044422670e-01
2.452826579909884371e+06 9.904496380383212006e-01
2.452826580604328774e+06 9.898896047923744224e-01
2.452826581298773177e+06 9.893532125970030400e-01
2.452826581993217580e+06 9.888479655965596304e-01
2.452826582687661983e+06 9.883840849478742197e-01
2.452826583382106386e+06 9.879784228717333194e-01
2.452826584076550789e+06 9.876792922100394723e-01
2.452826584770995192e+06 9.874503258472416833e-01
2.452826585465439595e+06 9.872444545215528500e-01
2.452826586159883998e+06 9.870555285120347078e-01
2.452826586854328401e+06 9.868802384655011029e-01
2.452826587548772804e+06 9.867164146469613595e-01
2.452826588243217207e+06 9.865624967184831728e-01
2.452826588937661611e+06 9.864172983522375704e-01
2.452826589632106014e+06 9.862798829154428848e-01
2.452826590326550417e+06 9.861494903328036354e-01
2.452826591020994820e+06 9.860254907246572831e-01
2.452826591715439223e+06 9.859073533565233527e-01
2.452826592409883626e+06 9.857946249433345853e-01
2.452826593104328029e+06 9.856869139701703864e-01
2.452826593798772432e+06 9.855838790450845988e-01
2.452826594493216835e+06 9.854852200467025813e-01
2.452826595187661238e+06 9.853906712644167065e-01
2.452826595882105641e+06 9.852999959935343499e-01
2.452826596576550044e+06 9.852129822150093030e-01
2.452826597270994447e+06 9.851294390981539806e-01
2.452826597965438850e+06 9.850491941378272109e-01
2.452826598659883253e+06 9.849720907874867093e-01
2.452826599354327656e+06 9.848979864848035337e-01
2.452826600048772059e+06 9.848267509913394280e-01
2.452826600743216462e+06 9.847582649862098858e-01
2.452826601437660865e+06 9.846924188669028410e-01
2.452826602132105269e+06 9.846291117205901999e-01
2.452826602826549672e+06 9.845682504367085919e-01
2.452826603520994075e+06 9.845097489375653765e-01
2.452826604215438478e+06 9.844535275080739112e-01
2.452826604909882881e+06 9.843995122093661676e-01
2.452826605604327284e+06 9.843476343636470283e-01
2.452826606298771687e+06 9.842978301000234742e-01
2.452826606993216090e+06 9.842500399526703525e-01
2.452826607687660493e+06 9.842042085041815547e-01
2.452826608382104896e+06 9.841602840680914177e-01
2.452826609076549299e+06 9.841182184054950710e-01
2.452826609770993702e+06 9.840779664714721653e-01
2.452826610465438105e+06 9.840394861876594623e-01
2.452826611159882508e+06 9.840027382378486731e-01
2.452826611854326911e+06 9.839676858839316864e-01
2.452826612548771314e+06 9.839342947998891420e-01
2.452826613243215717e+06 9.839025329218299420e-01
2.452826613937660120e+06 9.838723703123586350e-01
2.452826614632104523e+06 9.838437790377726477e-01
2.452826615326548927e+06 9.838167330567840763e-01
2.452826616020993330e+06 9.837912081196263925e-01
2.452826616715437733e+06 9.837671816765519717e-01
2.452826617409882136e+06 9.837446327948434766e-01
2.452826618104326539e+06 9.837235420835747091e-01
2.452826618798770942e+06 9.837038916254486898e-01
2.452826619493215345e+06 9.836856649151021204e-01
2.452826620187659748e+06 9.836688468034073818e-01
2.452826620882104151e+06 9.836534234472260607e-01
2.452826621576548554e+06 9.836393822642967022e-01
2.452826622270992957e+06 9.836267118928506692e-01
2.452826622965437360e+06 9.836154021556630100e-01
2.452826623659881763e+06 9.836054440282648859e-01
2.452826624354326166e+06 9.835968296110818576e-01
2.452826625048770569e+06 9.835895521052961943e-01
2.452826625743214972e+06 9.835836057922590081e-01
2.452826626437659375e+06 9.835789860163063336e-01
2.452826627132103778e+06 9.835756891708598015e-01
2.452826627826548181e+06 9.835737126877143188e-01
2.452826628520992585e+06 9.835730550294392582e-01
2.452826629215436988e+06 9.835737156848413099e-01
2.452826629909881391e+06 9.835756951674575754e-01
2.452826630604325794e+06 9.835789950170700235e-01
2.452826631298770197e+06 9.835836178042486333e-01
2.452826631993214600e+06 9.835895671379578653e-01
2.452826632687659003e+06 9.835968476762758650e-01
2.452826633382103406e+06 9.836054651403020044e-01
2.452826634076547809e+06 9.836154263313476864e-01
2.452826634770992212e+06 9.836267391515323144e-01
2.452826635465436615e+06 9.836394126279297545e-01
2.452826636159881018e+06 9.836534569404390416e-01
2.452826636854325421e+06 9.836688834535801673e-01
2.452826637548769824e+06 9.836857047524540931e-01
2.452826638243214227e+06 9.837039346831348841e-01
2.452826638937658630e+06 9.837235883978076023e-01
2.452826639632103033e+06 9.837446824049903560e-01
2.452826640326547436e+06 9.837672346252945843e-01
2.452826641020991839e+06 9.837912644530979467e-01
2.452826641715436243e+06 9.838167928247368854e-01
2.452826642409880646e+06 9.838438422937599848e-01
2.452826643104325049e+06 9.838724371139376812e-01
2.452826643798769452e+06 9.839026033307733954e-01
2.452826644493213855e+06 9.839343688824438994e-01
2.452826645187658258e+06 9.839677637110778585e-01
2.452826645882102661e+06 9.840028198855993447e-01
2.452826646576547064e+06 9.840395717373886519e-01
2.452826647270991467e+06 9.840780560102777574e-01
2.452826647965435870e+06 9.841183120266010498e-01
2.452826648659880273e+06 9.841603818712942875e-01
2.452826649354324676e+06 9.842043105963454996e-01
2.452826650048769079e+06 9.842501464482799056e-01
2.452826650743213482e+06 9.842979411217995800e-01
2.452826651437657885e+06 9.843477500432364913e-01
2.452826652132102288e+06 9.843996326881149228e-01
2.452826652826546691e+06 9.844536529378967726e-01
2.452826653520991094e+06 9.845098794819250321e-01
2.452826654215435497e+06 9.845683862717361512e-01
2.452826654909879901e+06 9.846292530363327522e-01
2.452826655604324304e+06 9.846925658687725180e-01
2.452826656298768707e+06 9.847584178966269919e-01
2.452826656993213110e+06 9.848269100516379160e-01
2.452826657687657513e+06 9.848981519574108168e-01
2.452826658382101916e+06 9.849722629584719558e-01
2.452826659076546319e+06 9.850493733198860680e-01
2.452826659770990722e+06 9.851296256341121049e-01
2.452826660465435125e+06 9.852131764819561655e-01
2.452826661159879528e+06 9.853001984077919273e-01
2.452826661854323931e+06 9.853908822874825058e-01
2.452826662548768334e+06 9.854854401924987295e-01
2.452826663243212737e+06 9.855841088888414037e-01
2.452826663937657140e+06 9.856871541594798281e-01
2.452826664632101543e+06 9.857948762120332109e-01
2.452826665326545946e+06 9.859076165424941474e-01
2.452826666020990349e+06 9.860257667929509529e-01
2.452826666715434752e+06 9.861497804064079942e-01
2.452826667409879155e+06 9.862801883171766759e-01
2.452826668104323559e+06 9.864176206635832944e-01
2.452826668798767962e+06 9.865628378653151787e-01
2.452826669493212365e+06 9.867167770305159680e-01
2.452826670187656768e+06 9.868806251753008407e-01
2.452826670882101171e+06 9.870559437032395689e-01
2.452826671576545574e+06 9.872449041751039100e-01
2.452826672270989977e+06 9.874508196708290386e-01
2.452826672965434380e+06 9.876798514206649449e-01
2.452826673659878783e+06 9.879792618882587973e-01
2.452826674354323186e+06 9.883850886062909291e-01
2.452826675048767589e+06 9.888490794828227459e-01
2.452826675743211992e+06 9.893544083840608572e-01
2.452826676437656395e+06 9.898908629663687453e-01
2.452826677132100798e+06 9.904509434300428072e-01
2.452826677826545201e+06 9.910286062786094474e-01
2.452826678520989604e+06 9.916187002008741702e-01
2.452826679215434007e+06 9.922166644928883672e-01
2.452826679909878410e+06 9.928183482851086206e-01
2.452826680604322813e+06 9.934198924777585260e-01
2.452826681298767217e+06 9.940176468816148692e-01
2.452826681993211620e+06 9.946081080373394556e-01
2.452826682687656023e+06 9.951878692317124298e-01
2.452826683382100426e+06 9.957535201923813917e-01
2.452826684076544829e+06 9.963018462890477212e-01
2.452826684770989232e+06 9.968294144661768996e-01
2.452826685465433635e+06 9.973327856949182335e-01
2.452826686159878038e+06 9.978083943529242328e-01
2.452826686854322441e+06 9.982524779228291179e-01
2.452826687548766844e+06 9.986609783463153978e-01
2.452826688243211247e+06 9.990293918500954273e-01
2.452826688937655650e+06 9.993525176239681507e-01
2.452826689632100053e+06 9.996239816594135741e-01
2.452826690326544456e+06 9.998351475666018562e-01
2.452826691020988859e+06 9.999715176322887533e-01
2.452826691715433262e+06 1.000000000000000000e+00
2.452826692409877665e+06 1.000000000000000000e+00
2.452826693104322068e+06 1.000000000000000000e+00
2.452826693798766471e+06 1.000000000000000000e+00
2.452826694493210874e+06 1.000000000000000000e+00
2.452826695187655278e+06 1.000000000000000000e+00
2.452826695882099681e+06 1.000000000000000000e+00
2.452826696576544084e+06 1.000000000000000000e+00
2.452826697270988487e+06 1.000000000000000000e+00
2.452826697965432890e+06 1.000000000000000000e+00
2.452826698659877293e+06 1.000000000000000000e+00
2.452826699354321696e+06 1.000000000000000000e+00
2.452826700048766099e+06 1.000000000000000000e+00
2.452826700743210502e+06 1.000000000000000000e+00
2.452826701437654905e+06 1.000000000000000000e+00
2.452826702132099308e+06 1.000000000000000000e+00
2.452826702826543711e+06 1.000000000000000000e+00
2.452826703520988114e+06 1.000000000000000000e+00
2.452826704215432517e+06 1.000000000000000000e+00
2.452826704909876920e+06 1.000000000000000000e+00
2.452826705604321323e+06 1.000000000000000000e+00
2.452826706298765726e+06 1.000000000000000000e+00
2.452826706993210129e+06 1.000000000000000000e+00
2.452826707687654532e+06 1.000000000000000000e+00
2.452826708382098936e+06 1.000000000000000000e+00
2.452826709076543339e+06 1.000000000000000000e+00
2.452826709770987742e+06 1.000000000000000000e+00
2.452826710465432145e+06 1.000000000000000000e+00
2.452826711159876548e+06 1.000000000000000000e+00
2.452826711854320951e+06 1.000000000000000000e+00
2.452826712548765354e+06 1.000000000000000000e+00
2.452826713243209757e+06 1.000000000000000000e+00
2.452826713937654160e+06 1.000000000000000000e+00
2.452826714632098563e+06 1.000000000000000000e+00
2.452826715326542966e+06 1.000000000000000000e+00
2.452826716020987369e+06 1.000000000000000000e+00
2.452826716715431772e+06 1.000000000000000000e+00
2.452826717409876175e+06 1.000000000000000000e+00
2.452826718104320578e+06 1.000000000000000000e+00
2.452826718798764981e+06 1.000000000000000000e+00
2.452826719493209384e+06 1.000000000000000000e+00
2.452826720187653787e+06 1.000000000000000000e+00
2.452826720882098190e+06 1.000000000000000000e+00
2.452826721576542594e+06 1.000000000000000000e+00
2.452826722270986997e+06 1.000000000000000000e+00
2.452826722965431400e+06 1.000000000000000000e+00
2.452826723659875803e+06 1.000000000000000000e+00
2.452826724354320206e+06 1.000000000000000000e+00
2.452826725048764609e+06 1.000000000000000000e+00
2.452826725743209012e+06 1.000000000000000000e+00
2.452826726437653415e+06 1.000000000000000000e+00
2.452826727132097818e+06 1.000000000000000000e+00
2.452826727826542221e+06 1.000000000000000000e+00
2.452826728520986624e+06 1.000000000000000000e+00
2.452826729215431027e+06 1.000000000000000000e+00
2.452826729909875430e+06 1.000000000000000000e+00
2.452826730604319833e+06 1.000000000000000000e+00
2.452826731298764236e+06 1.000000000000000000e+00
2.452826731993208639e+06 1.000000000000000000e+00
2.452826732687653042e+06 1.000000000000000000e+00
2.452826733382097445e+06 1.000000000000000000e+00
2.452826734076541848e+06 1.000000000000000000e+00
2.452826734770986252e+06 1.000000000000000000e+00
2.452826735465430655e+06 1.000000000000000000e+00
2.452826736159875058e+06 1.000000000000000000e+00
2.452826736854319461e+06 1.000000000000000000e+00
2.452826737548763864e+06 1.000000000000000000e+00
2.452826738243208267e+06 1.000000000000000000e+00
2.452826738937652670e+06 1.000000000000000000e+00
2.452826739632097073e+06 1.000000000000000000e+00
2.452826740326541476e+06 1.000000000000000000e+00
2.452826741020985879e+06 1.000000000000000000e+00
2.452826741715430282e+06 1.000000000000000000e+00
2.452826742409874685e+06 1.000000000000000000e+00
2.452826743104319088e+06 1.000000000000000000e+00
2.452826743798763491e+06 1.000000000000000000e+00
2.452826744493207894e+06 1.000000000000000000e+00
2.452826745187652297e+06 1.000000000000000000e+00
2.452826745882096700e+06 1.000000000000000000e+00
2.452826746576541103e+06 1.000000000000000000e+00
2.452826747270985506e+06 1.000000000000000000e+00
2.452826747965429910e+06 1.000000000000000000e+00
2.452826748659874313e+06 1.000000000000000000e+00
2.452826749354318716e+06 1.000000000000000000e+00
2.452826750048763119e+06 1.000000000000000000e+00
2.452826750743207522e+06 1.000000000000000000e+00
2.452826751437651925e+06 1.000000000000000000e+00
2.452826752132096328e+06 1.000000000000000000e+00
2.452826752826540731e+06 1.000000000000000000e+00
